91330
95819
92407-2318
15419
46394
49546
73505-6377
27506
14208-1517
53217
55057
53186
53140
50219
48859
45384
98926
40422
92866
19118
19319
60628
38104
23606
29115
91711
16214-1232
30314
52001
13699
30260
44115-2214
29526
52402
94089
29550
04901
13346
11568-0210
29424
45233-1670
07960-6989
10314
01610
80903
81501-3122
31907
36701
06320-4196
29302
21216-3698
52314
68178
11367
14201
14226
57042
75211
30720
03063
48933
19901
43023
60604
46135-0037
18034
17013
58601
70122
84770
60305
51250-1606
11769
50311
07940
55403-1192
15282
27858-4353 
74820-6999
06226
70267
06226
40475
22802
48197
02170
88130
99004
60605
16444
17022-2290
60126-3296
01013-2389
27244
32114
66801
01915
61530-1500
07940
26554
11735-1021
36109 
28301 
07644-2117
49307 
24088
33431
33965-6565 
33199
33054
32246
63105
10458
67601–4099
31030 
01701-9101
43952 
17604-3003
46131   
43215
38340
93740
67213 
21532-2303
29613 
30677
16541-0001
28017
15010
40324
20057
31061
30043
30460
31709 
08701
17325-1400
99258-0026
01984
21204 
60484-0975
50140
71245
49401-9403
50316
89801 
27401
62246-1145 
16127
27410
56082
19437-0901
13323
23943
23668
63103
13820
91711-5901
68901
19041-1392
96813
44883-2462
72032
27262
14075
49242
44234
14456 
11549-1000
21701-8575
49423
14744
76801
95521
46750
78702
83209
62650
61790-5150
61702-2900
19345
47809-1902
46803  
47408 
46408
15705
46634-7111
46805-1499
25136
10801   
14850
39217 
36265-1602
22807
07306
59625
28216
16652
